6.572323705091613	-0.004805583174333138	0.6539243591651536	1.3203352218860207
13.812829855294757	-0.4042486399192564	-1.8344612648966876	2.2354227628869974
5.540246778955954	-0.18169486811831542	2.0176851855749875	1.2294826052218004
3.477837362400013	-0.05709785616952147	0.5058987234206356	-2.962170387959629
13.393882815886887	-0.41034546207228306	0.514572467454899	-4.615494371468967
1.591830019311777	-0.049022210209187754	2.3511999472159015	1.034241959713522
13.745443877061756	-1.1001892145706116	-1.9987617971330964	-2.9762366605261157
15.807969256203265	-0.30656466338982336	-2.1970487989417258	-6.001806803270245
8.199253351036187	-0.13693625120765746	0.6481372582282514	-0.13673901122089915
12.135665675685786	-0.10997283348562698	1.0726455979722216	3.06826005670365
14.405964631533177	-0.3436898183700087	2.4328268922071343	0.09859099594034368
9.544189821118882	-0.3110803475251063	-1.4508513475778497	-4.179817676404735
15.33628983697275	-0.5411327960626202	1.1283382971353353	7.1414147164487405
5.377778094260124	-1.2205861240135218	-2.1444431530011023	-0.06271206444078904
5.809914039689678	-0.6202059836142803	1.2577200403704936	-2.031013777757597
11.450987614736084	-1.0974369420972134	-0.13015377738357525	1.9880189299814477
7.2498599847815655	-0.1673458731861395	-0.5948550660731655	2.583584469496744
4.572885254546599	-0.5306924515946725	-2.3494735594910887	2.6035350049746886
8.571412791066106	-0.3273460253947714	2.2915578517183492	-1.2492525283191043
13.700884785914912	-0.48503818849802194	2.558906337486098	-2.7116697448740767
12.102243177326987	-0.4371873037411662	-2.170100095473636	6.746932011646514
8.696116580276453	-1.3489744159758927	-2.673298578325962	-0.26650604828812346
14.350207601366737	-0.38994785958199996	1.068742188939897	-0.0943829226257139
15.750160741412149	-0.8407983808256887	-0.2131478722069895	1.185802001086815
10.88928325795605	-0.4745801164157508	-2.463604472945986	-1.4703261424994165
6.611833549299727	-0.8269293693170271	1.765484119674908	-1.0448515774850426
22.903693229700636	-0.3976188511593462	-2.4605618175738146	2.7312799392845886
6.4057426001576365	-0.1433995388809539	0.46728857494916776	3.6804625069016716
18.544177229250398	-0.43671624921611457	0.5826945029167989	1.353099646216125
9.487625611314549	-0.9204922384973352	1.5021466618826969	1.0024224145791387
9.236196568040052	-1.4659674677691943	1.0739485145291283	0.1415704242989201
14.748406300961262	-0.6321751518864249	0.8926082405250435	0.07609730554936756
17.592427834472613	-0.0065510206383038805	-0.6057378226679129	2.625382219694746
2.78859770095678	-0.17173497932412454	2.9233808038128277	-1.047910534579467
13.412758585854032	-0.17395019198260253	-0.10187751383042443	3.8857905390930574
16.721864662548576	-0.8654124095719565	2.55845743643607	-4.220329083021108
-1.0925864447575044	-0.43417545207442504	1.4229800217897486	-2.0988664580593115
10.01319100822483	-0.08098189173766579	-1.4207587638828525	-4.147636494869551
13.527953663024032	-0.052030777199214555	-1.4505252392517207	4.760678769935849
7.89683596504287	-0.4011733595562338	1.3756400886272004	0.7002850973362813
16.72014266415232	-0.051930343870003254	-0.3248121622432141	1.5815067091395392
8.268976339317266	-0.3841094902351556	-2.36371377494501	-3.5912971733488264
0.5669984043002625	-0.009516805339265402	0.48451204542425685	2.663092409227667
7.369205945996803	-1.4007163020561861	2.7476283953319793	2.8662778781813385
9.852265895015224	-1.3371380365639756	0.29288183815542146	0.10060028125022173
11.451549924361858	-0.5767253936097246	-1.2054218081419428	-2.6596697389873265
12.204367576087208	-0.19602472082839859	-2.337120035275763	-2.177169626022478
10.555921570018747	-0.06451490373809535	2.516448546679051	4.913227705243333
9.433718591465023	-0.3181521983797819	1.455920571405315	-0.39578715396356523
15.605780159457758	-0.6398649955351098	-0.15237754377595447	2.6948974514550894
12.437435391526197	-0.25652572960178555	-0.130454190137832	2.8018007470052275
1.0486946437325901	-0.4504181815963683	-1.1374332433543732	-2.5315641540906526
16.73816444258412	-0.2342948260845605	-0.3491130570895642	0.5284867207609448
8.245906798148196	-0.009703890781721843	0.6303327738941911	0.4926477008670369
-2.475820848364025	-0.3054890488151169	-2.066589515427199	-5.209304346101737
2.3949119962582444	-1.6305524809214087	-0.6916901016180752	5.367312404932969
0.4667241965408895	-0.6084769890511779	-2.9890235362983626	0.4927200841134305
9.645537094057056	-0.47895040327957844	-1.34326813382155	0.7647199490945069
12.724567375738708	-0.007457190667498931	-0.7068014386303796	-1.5025128838490258
11.787973893907864	-0.12114044098062278	0.7620776177526798	-0.1596186095607257
9.12271013650805	-0.3022941932792106	-1.6758638394138778	2.1583767061556576
12.181870239819354	-0.2016191467854319	-1.3224618021769476	2.8613847239891443
12.182109372621264	-0.41847235636575764	2.930735162428731	-3.2242817383954407
8.972930565984882	-0.048284837671583127	-2.527275429997499	2.2528149037504988
13.486867487223503	-0.42158223499579434	1.5522331560910727	4.652285615590845
8.202176348482169	-0.8118825384360684	0.8297366502034391	1.7919226436218398
5.148466123161834	-1.017256358311563	1.4107698309673307	-3.267825210049293
8.171782578443722	-0.7999309475356826	-1.8662138809357651	-0.956182789468407
15.053136442138019	-0.2056908732544598	-1.4905741079997332	1.1114968002673091
9.868305075606866	-0.6763186101779566	-0.2614643782623691	1.465255977346914
16.187578920807965	-0.2722343223340816	2.6828593357563646	-0.43264935875032373
9.710603767997663	-0.2455366351007067	-1.0670065926402967	-0.9287318369860015
0.5784170969453282	-1.011187200628274	-0.9026588096935813	3.0884370706511683
2.2144279303627776	-1.1763674094980505	2.424700760907643	4.313930887664354
13.956529413009413	-1.0644088003173315	-2.3441902958858325	-1.4224749932037062
11.57801134951898	-0.8047556859388217	-2.9746416444672663	-1.045352254911296
13.617499631392528	-1.7611079048302059	-1.5857979065511503	-0.6756914428481529
8.87180270387237	-0.6519713156257859	1.7466467839640707	-1.2669609559830677
4.915578404474451	-1.4968009935824556	2.4047939433125487	0.24220181665428436
15.854299476177815	-0.36899619531336536	0.3300445918009558	-3.600368186029116
9.64888827895059	-0.06145357885827307	2.1771665452255275	1.7947485919686206
11.093342130352152	-0.22240382057583322	2.30322873694168	0.19212406673223176
8.595372326196113	-0.03261866925720346	-2.6918951826817783	-1.9893242796544381
13.788333341298793	-0.15337484386732916	0.9233228696949345	0.9720774244099112
11.62755146795212	-0.1098626505743932	0.8221102624481791	2.5569107824123893
16.60720982428728	-0.11121901692130379	-1.6773827383532884	0.44680479203845214
15.419396064795718	-0.46832716196317653	2.4917098546273238	0.6503909135530248
20.395042917286467	-0.11035138435734923	1.5543891540787644	-2.1755849005058834
10.601148589912338	-0.09634075387552814	0.94775379663692	3.113972328183377
6.883193730144916	-0.6614305138253747	-1.061552971467993	-5.894871832500056
7.227312557038516	-0.5891618969718918	-2.8455526817854873	-2.855136757487181
11.352271817845024	-0.24581628222587001	2.171487240725183	0.6232070017575333
11.926673676767258	-0.06406646464869027	-2.9328212844528077	0.626624803022911
10.260842406596314	-0.3413973030869562	1.106083088242662	3.221624615401299
6.516211748623517	-0.4196176416737002	-0.5770291959358467	2.9967082132534513
16.27827257715674	-0.3150665391010017	1.1372163444427672	3.5501499235491507
2.662103655205814	-0.09385216572126047	-1.2670197386003672	-3.603335675789973
2.238205736454047	-0.2676133748131983	2.2848030781512083	2.481158305775845
15.339080909372804	-0.12306341618049157	0.8158731624066857	1.3712247206437698
15.32721087321554	-0.8211070349699148	-1.7779487579875841	-1.8732938442012474
9.657950335173677	-0.42064609073560244	-1.2582058114977757	-4.355189770038646
8.794529836676501	-0.6227896845545288	-1.5117370569401445	4.649450275155857
8.126117633474713	-0.19993137769637023	-2.8003542518973363	-4.1927753432107
6.914424047882138	-0.00512103740399368	-0.6212332914732688	2.27653341802808
15.777267367826614	-1.3400689962595285	0.9242760045635197	4.064655472244906
13.470302592193729	-0.3491815612053273	0.9149584811385756	7.447252477326064
18.369927615122506	-0.18894164023167354	-0.9327885767869537	0.8413626719575
19.87968265661536	-0.4042354953806894	2.354639931503547	1.1964158658709179
6.9200007604790965	-0.04158174893596752	2.668419206343679	0.04203961652433876
3.78701998834881	-0.07232637375035154	1.9795233281899867	0.09189534410638626
15.985095005441746	-0.18175639315761083	-1.3704892285618349	0.3888816596934216
11.882121025377833	-0.8208092034252785	2.9883680162697672	0.8369853377368175
14.45192331237324	-0.3794764562576534	1.4115481564891885	6.341179563294428
16.871178462305277	-1.0280589441720296	-0.4694129319344795	-1.0499163950856345
4.1476949336617235	-2.211621679626701	2.5350930458274314	-2.8533547425391284
4.772506509482596	-0.18714318153045695	1.0838534860891036	-3.286264634280611
20.96458422549832	-0.05135939370719086	-1.562449041049763	1.8316312479929349
3.3283928464995283	-0.09625934425651225	-1.1291836002768167	1.2065423531248411
22.107835343565995	-0.0532227915982594	-2.0906426764449364	1.8028869206365439
-0.6830145345041849	-0.15234727256067648	-1.3565963130163834	-8.0854212876311
4.171077022510423	-0.3861390372763356	2.1718055752171894	0.4648544029580446
14.391938123018601	-0.18087068713177154	2.688988652283162	-0.1329232182543453
10.449033338197292	-1.007207137673426	1.4366754174258771	1.2071528622317305
6.586208440381484	-0.4031505417885115	1.875183977557474	1.09211914282676
5.770476093086324	-0.30916224258365205	2.8294432276173866	0.12699567562356917
10.656698785942869	-0.2143732510461071	-2.727514278614027	3.8604974189943677
6.5172619409279715	-0.08119574034547722	0.45254613089852747	-3.460944369695981
11.861808591678694	-0.6483543313130052	0.035315949061825336	3.3639768180498697
12.156029136390508	-1.201209930903796	0.3558391249594086	2.147516297055411
13.269245545157881	-1.0046800142700396	2.534434351845727	0.4259106306955218
8.980400555124879	-0.2620749995525445	1.9925594822057722	1.1252689413210022
11.889968865546987	-0.02403292262684276	-0.4556644258822722	-0.5485819938469898
12.60239458108399	-0.18420645790100668	2.3079627752246417	4.063029213794839
10.732386839020688	-0.3579927814577651	-0.04108105808296392	3.48928921495739
11.810070148136912	-2.6169712641426988	2.350028594838742	6.3269731792701815
19.343224984716198	-0.6806638331862538	0.20973063120627433	0.8912244616039731
6.305057290224495	-0.01566436508033562	0.7775021275752421	0.1007785379459818
9.309708784459245	-0.07815743981533915	-1.5246464900532544	0.6589745060576991
11.197013579307878	-0.06885988243334529	-2.846059709136672	-1.2676085732604327
10.313283692136059	-0.9741686512120246	2.51254056530016	3.783284939072752
15.3426853156563	-0.2428461244277364	0.7808359581847553	-1.8124855554112855
11.78860159824135	-0.5283444269104116	2.1625197863114414	-3.867045384633932
8.774648383599926	-0.6197631270904916	-2.152783705756158	-3.2165453539731312
23.133258208536184	-0.8824230393815713	-2.8200863668986615	0.2995988008586815
13.131292643428571	-0.49583219256341554	-0.6283595018711212	2.9367634295036487
15.698807044888806	-0.12085838946370668	-2.4860514602718484	-1.0904504991196236
8.253842678418957	-0.40831218900400745	-1.9141156442623346	-1.9514115661119456
13.503190834170933	-0.1892505972780695	-2.8438248692357067	0.4178215390234429
16.296889691788753	-1.0178638472216	0.055517198582783145	4.619587868299714
10.42744374240626	-0.1379683012825533	-0.19920630141146267	1.4352470338335037
8.682724361956895	-0.1808427856905557	1.2851303284950788	-3.4583703130746226
12.689700995492718	-0.4749412285269843	1.2083722441504623	-3.023408423874262
6.437375396935773	-0.5710412853111989	-0.9673377123135567	-2.4153892216928567
13.263762818649132	-1.0180796624991508	-1.421986572341991	2.7046340094700456
12.663552467557832	-0.219407992719828	0.2767156312723351	-2.6385681476730474
9.200738229508604	-1.1274535922988353	-0.2856621938795332	-0.7945059469750198
14.790889554737435	-0.5277446022556294	-2.1265291771995445	-1.0239004609562758
6.690447206641792	-0.12207632216674856	2.860119328720006	-2.4657522949681754
14.643102131482038	-1.1904105316929874	-2.1918493615796235	-1.6773768344780149
15.500556136170822	-0.2673270178577926	-2.693180134871823	-3.611969278880104
10.030100869688793	-0.0953039231976139	0.7565164984520507	-1.2704059467849218
8.75041291476048	-0.4597341295499422	2.4235813484114077	2.0535825480246954
6.596394740543156	-0.32884720494438485	1.4842208542940352	1.37334100452619
6.551348084630097	-0.8256958711967486	-2.3967975173595315	3.7502478766635647
18.49066792168253	-0.8860573936209529	1.081752068336149	2.3093397638023085
14.765053405662492	-0.3823100481647848	0.326995893827946	1.5290614714229878
18.117553790392193	-0.09538603907014304	-1.3114608099360154	0.1740806536464344
8.47006173653357	-0.5954020846046945	-2.2876109313733544	3.4393706232996952
14.850079705776846	-0.48884844484361906	1.6875744810630646	-0.5678251071308602
13.592436954851461	-3.326177213484362	0.14265145966901915	-2.018068942497664
11.995329145008037	-0.5957340389223933	-1.8810528914290525	0.041906761286039276
13.432314451135962	-0.19496219685080404	-1.6512167119435563	-0.8783826772195096
9.215335163959384	-1.0569025192378967	1.3595770457032703	-3.631181960988574
11.571497690421028	-0.4243291842167787	-1.68600739563326	2.842243336047563
11.96165252295874	-0.07774263781229024	-0.4851888335262595	-1.912582954891833
10.704133296303452	-0.05694091391762718	-2.2852422167206923	2.900297022557157
10.478645447469203	-1.9156224599839442	-0.7486841794245542	-0.6006313298228867
11.424365026109047	-0.13964987289857728	2.3399177352721416	6.511600971981874
14.505860160626025	-0.6286004202303969	0.9871649247618426	4.675463526829313
4.90544267003456	-1.029267391016809	-2.27624463013165	1.4797107327561752
-0.6259766949694487	-0.17812479432516612	2.501082091841851	-1.485586001316618
7.376664381470546	-0.027602106235576296	-2.9933153269193964	3.336121784768626
9.282922699343192	-0.38568344958400447	-0.21581939338500788	3.938880922213948
27.052592783938127	-0.013362319650296352	2.545740278634912	4.158405926425286
8.594662212081023	-0.02347848626160287	-1.2010034930729245	-2.713477334158111
2.806382478671253	-0.39061680894588446	1.888426946194592	-4.714983789038317
7.3312569582176135	-0.2913199710731962	-0.4935271013431599	2.360236775419519
9.97665247568853	-0.5851991975883811	-2.9100341895600024	2.20022642387078
8.46396377180255	-0.15181188740475507	0.946010084620414	-0.5632196003477457
12.57697912571247	-0.1900022380190904	-0.17627698751506404	2.534331225554797
2.560511592300582	-0.06351569155325101	-2.7720109086727622	1.8801213139004123
12.665838832059727	-0.4295347027846827	-1.9929746961182437	-0.11875232969644212
13.206873815730624	-0.004126174650709104	0.21224111862746842	-0.43211323527206436
8.502157570078474	-0.5357270125920109	-0.43703472646700314	-2.989679001229467
10.723003350455947	-0.10192289729034217	-2.8830201488111946	-1.0435251102078027
7.507842825109044	-0.07392303286532789	-0.7978128938652933	-4.48484613062905
9.384905447164181	-0.0329350474624584	-2.448622036282724	-3.126390398725923
9.931795647287757	-1.234053098874065	-0.2722948639140892	-1.7301147576635285
12.891902193863281	-0.9725793679483536	-0.5440470267871227	2.564840933913438
9.876464696598246	-0.02743074345594967	0.903693521314338	-6.680328937681411
4.9497399215727755	-0.017103683864061168	-1.7557473121956857	-0.47012800350036077
12.015458544990903	-0.4894322997776173	0.46096707564658557	-3.0839998094641228
14.687260132860391	-1.7892144831106462	-0.4072511224569455	-3.196374848506583
3.407291693305993	-0.015961232368270857	2.3062127480042225	-1.1234379400789034
16.249779477692584	-0.1136835209507726	1.1172383901671719	0.006160258288398763
5.040975770897474	-0.22915527782520922	-0.8856621375466416	-3.0607863396613277
15.838415610572326	-0.4194600348587729	-1.3865219207744588	-4.273855473470492
11.804427165682391	-0.6262530724578075	2.0469065761502216	0.4777477537754229
6.3281895765574205	-0.9166861387968969	1.3040544241449652	3.495630573650883
11.66429417296552	-1.5504963931378353	2.7304368136278345	-3.5159029157763007
7.596608232368973	-0.06850861185116032	0.7725406928241263	-2.076260540616852
0.06966664991292681	-0.36607384251034353	-1.5812796346530622	-0.7130796715123124
3.3217570918500696	-1.6430530051377579	0.3244362140255279	4.318908533171863
8.384087918018366	-0.29870576312430586	0.07300242427143111	2.4738462592979897
12.108893737510622	-0.5745881666238514	-1.6891084661174183	-5.565921815726182
13.29869936416206	-0.0007777653056655434	0.38560023682140265	-0.7570607317349165
4.5605307336356615	-0.0618356849508109	1.6442192073706483	2.12507288498027
12.305305235981479	-0.2612752906703245	-1.4189850501664691	7.649251658087577
9.11574502377519	-0.060187644886041364	0.9478024568092303	1.170790984365696
9.156665020273559	-0.04768011081880745	1.119984058969342	1.1449561062106022
9.589721652489477	-0.6283920500964237	-2.7939355117549027	0.8544692993382337
6.9974259832736205	-1.2610339607152963	1.6222203855841038	-1.3101884294541297
12.778378980158426	-1.3711016398361888	2.069398389147877	-0.8981352358746367
2.223572022793988	-0.31834791227559467	-0.9360676743984913	-1.8925585485696192
4.762617408391306	-0.5001089912672082	1.5695757866379925	-0.8191646749597381
16.99926561916051	-0.16598031912241018	0.048068398477086216	-1.958972184090533
9.631172915400732	-0.17632979777306515	-2.9392196961764245	1.7907177297175219
7.305490315299171	-0.09566909055268112	0.355015705399198	-0.4804346941290602
14.442288897766693	-0.14736484446381629	2.74782583977389	-0.9666522141723516
6.840305124682756	-0.50297451081323	-2.21086561805204	-1.7037708172001964
1.180618073400332	-0.5152469627765474	-2.9074466626162	0.6667572060895968
11.106142026558365	-0.2082502735183227	2.0300292518611727	-1.442058442534777
7.747440585352925	-0.136211651624913	-1.2177367737093847	0.9725687319824786
11.255734827356541	-1.237287446460389	2.6895005939870966	-0.9890870963035614
7.418120704765087	-0.4076532739140383	0.3519355172897427	0.9414846427968264
14.24503003993959	-0.24984317886957275	-1.2743433341743677	2.7842596552028747
6.171319788268249	-0.770547504432848	-0.1466791667961851	-4.091011456366097
8.154546809136354	-0.01776113194672627	-1.9754325463369045	2.0956096189437288
12.212253524287288	-1.3300376429817429	0.4165166537085736	-9.876131652784075
17.594199669166255	-0.0179300263505127	0.5207594689521358	5.23854140180328
10.722324164201654	-0.38274669896732555	1.1676474236372814	-0.48729776266208635
16.67068790995833	-1.0053907261744623	-1.2870123376715579	1.6848294811014803
15.561169386531883	-0.11418263938002392	-0.6933640044488376	1.1643446260378447
13.738049879207704	-0.16852674960538674	2.3513583128840985	0.21102350383429708
6.599772007110561	-0.31601805426953405	-0.1851294854778498	1.2986908380212598
11.012517567258293	-0.02981657926710573	2.45176616901297	-1.284183386417541
23.487825901875595	-1.0891484598951655	-1.139546063585537	0.5531767832897738
12.043245032064897	-0.32409431305150693	-2.167452132097405	-1.442768890890004
9.377619320617308	-0.7092807324980341	1.0715725971894	2.8311262893801583
6.040566314927031	-1.7782412087939408	-0.2234614899993943	-3.514354256924809
1.394810628708676	-0.6135006571387214	-0.14397139278461024	-4.32915126451389
12.920067134092573	-0.8598765439845196	1.3235045892634272	-1.4167150307278917
11.345939683175017	-0.4964079411269302	2.258024942117702	-2.06150826271982
17.23275260642546	-0.32659696759208806	-2.2526252069297588	-0.43574431671794966
14.999969276799593	-1.356766566031422	-1.9380795425984563	-4.262347788962666
15.554553937156463	-1.082980894845153	-2.2078792423882296	-0.32945216901439545
12.774746353474224	-0.18556603167225527	-2.669157144347933	-5.255939151650945
11.333082410654692	-0.04097442579653011	1.0437206398824834	-1.439888445737476
13.916466640482152	-0.5357216253718646	-0.6517279440829777	-2.7796868098790513
4.3701184875167955	-0.44014862223440676	-2.7041623923502542	3.7285471769869574
13.624096468922247	-0.6566646862770286	1.5938454179457713	1.0533016753063806
8.882601112733845	-0.06878336481619282	2.7771234649098107	-3.222016579103987
15.141320209024562	-0.794319378997722	0.4347203971378928	-1.560126163768568
1.151658048326178	-0.4441180224223948	-2.6055467419078537	-2.5672628171639142
11.142289360110373	-0.005161628350250094	-2.819533470681823	8.336891580554767
10.609008917359375	-1.6496710782329513	1.835010600321687	0.432111458871983
9.092708463257125	-0.408420642504857	0.43492090269048944	1.9381408548709393
1.1397104710739008	-0.10307043472932233	2.009857976140281	-1.2188096719816917
10.594878128770793	-0.21242742848843546	2.2929145496688177	-1.3192157644635243
18.841500060322883	-0.0408962837853929	1.841908462091543	1.6619605307175753
15.42901214217585	-0.4989993460398624	0.30808003172853127	1.2343652621533292
9.758210715794606	-0.3102949543776614	-1.9887070363994566	3.8658168663557047
13.279413013867083	-1.2804157585584404	-0.25528064262832384	4.351238909922337
7.68462441068923	-0.6140884804863208	-0.43417758671751683	-1.2485737169160247
17.907942639706416	-0.834116770907746	2.084566460272531	-0.48620162193990135
9.427300129086483	-0.23709289494948538	2.471753594025337	-2.134532839362226
15.741249207011528	-0.46903800345393387	2.440251043503581	5.13630146861233
3.1611482892186027	-0.5812277504591834	-1.2206831009252	-0.860481886983073
16.4308461495148	-0.7933551865985581	-1.7295350838138288	4.572074949424181
4.990054628821174	-0.44252237432788927	2.4676161250185	1.8914490106572128
12.007767806214424	-0.6711348172557178	0.7564581153884662	-0.04117522640675062
4.176441762763855	-0.03717492964727365	-0.43054541431534066	3.4056374778786
16.48104514902704	-1.587653155355121	-2.6592799120044583	-9.97139532372509
6.837313716724802	-0.5695909293149891	-1.0129234282901416	1.2386475260213645
7.508021498553252	-0.4891143068491106	0.24422226052580331	1.181406765666566
11.54823912119954	-0.38922303714087314	1.0626048458770807	2.4513325407719857
12.669128885285096	-0.0564586442838163	1.7187472486470163	2.323303851265207
19.263264786480732	-1.258413234248175	0.06740016162515916	3.9744722963701493
9.300744370966408	-0.4092685879258939	1.6119970341496561	-2.249450883870874
1.0486252420532427	-1.0018618581686356	0.2715536275512136	2.1357075231433327
10.17924356952797	-0.637068848783505	-0.6942519489148555	-1.7495719500022273
13.439853755016031	-0.1675182550971289	1.9159925571551524	0.5979116085580992
3.374676348925446	-0.12495614582813325	-2.508493395307698	-0.40074790451379394
13.552271663508446	-0.3915229171593146	1.3153204137531063	0.5655887434265066
13.601314546863462	-0.2537173953729333	2.4806788198343224	-0.08641489389558718
1.4049655554692482	-1.0796053946239625	-0.04791083774113458	-1.685412761157527
18.339473710705814	-0.26000037206968674	-2.079427518920614	-1.6214710978914346
10.409132179457462	-0.25477775498184907	-2.7054445628708743	-0.5457251397350817
11.58644463154954	-0.23319063652327282	1.4063486374748644	1.713073869570882
3.003898335857831	-0.13699715339166696	-0.19817942615033246	3.566505673183266
5.3751459602675205	-0.27096096032963046	-1.2162568917469954	0.06332962732690361
10.95566780148085	-0.514008168920771	2.54315194284575	-2.0088523465308428
5.042497250968382	-0.3139086491065517	-2.6780126468138583	-1.5904079305391228
2.872472148957023	-0.4751683324629041	-0.4362959274569773	2.971920445446022
17.23325955349995	-0.4162399192167936	-2.902354246274113	-3.7401663319789717
18.643623909103177	-0.41279884840650866	-0.49775783622749303	1.0831977482380868
22.532832278721173	-0.028581511663148887	-1.2382690305761188	-5.750979449948268
11.615758986614983	-3.146836898068405	0.03371533538347826	3.0856572711387225
5.0370493932583615	-0.22074225750780416	1.0412923463206312	-0.47133796943635753
6.590540348689942	-0.06124282536867493	-1.0087170272435073	-7.347108063757416
15.157265907157328	-0.5182590295644424	2.851826826928411	0.9738055197201914
9.414086096103752	-0.5299249668284655	-0.9367635391074325	2.5669075301373274
-0.873488986369896	-0.0353195841554821	-0.5583643786149137	-1.1980799019188013
1.909993488209862	-0.9170100687161838	-2.025991248033685	1.662069381523528
2.750615713601129	-0.293923114297218	2.383255462560859	-7.154456957348121
9.725493447184252	-0.057949746127602016	-2.1759288129499548	2.3152409129981772
17.74000009542618	-0.2281460898826316	0.2712151837740331	-0.7951791103263485
6.46315158998874	-0.19219216881220527	-0.2614103387721336	1.2067896437111068
4.04345071683108	-0.32972142681054606	-2.275567562123952	-0.3851202611541415
11.886725148159154	-0.39738952724735144	0.17221340204641145	-1.3110909819889547
5.742484002981435	-0.17804612360871372	-2.15348865939207	-1.9480838773772218
11.768992523819529	-0.5398411651908281	-1.5072757137619193	1.246443732413427
1.039272020095357	-0.5149689204099898	-2.232964489896376	6.380951306713541
15.631506696953169	-0.22260851723669225	-2.087488469391791	-2.1674851236088997
1.9395073899461064	-0.40373147978691964	1.1309315087392493	2.598263255779128
2.0292784597320708	-0.23970273535255554	2.3907522452520826	-0.17244274651898822
11.10179800377282	-0.7667064996470742	-2.876730691969837	6.297930037093227
11.479061024906793	-0.45752032161354284	-1.8778224420747922	0.2748386973971275
13.348119268696092	-0.3665988984513741	-1.8555224335185316	0.5540965756198237
-1.2946250294714083	-0.056700718493922275	0.6902718547022708	1.0468510107928932
8.779027996781238	-0.19985156295400164	-0.8171255263473345	-2.5731636095940527
8.259344552011552	-0.4069975909165039	-0.23883134908207637	-5.2520245552672895
13.614924593951569	-0.23757281134807584	2.0468035044775004	0.3462388770197887
13.943148287959517	-0.4796368728492663	1.0545632423469886	5.099217778839212
12.152463191885639	-0.12908143177774908	2.728764054399525	-2.8419955610612817
18.966388500195492	-1.7602461299129841	1.4813839992003341	3.6250361814860077
5.2806098675004165	-0.6010596291115999	-2.6866276121644215	-3.8498899598981438
12.363331719401717	-0.8314090885359726	-1.2832128893035444	3.236421891635331
5.22989686833194	-0.2862861573938448	-2.7066213597636484	2.3558831986253645
16.64834469158347	-0.5812678006620059	-2.1252056901453624	8.04252179523319
11.150337944604358	-0.21002599343412692	-2.771396412160575	4.892722818471886
8.558371817810677	-0.2543506032643415	-0.391463556918656	-3.1373504730123543
-0.20349293291958048	-0.683564695681562	-0.7631512135088623	3.3154462652343075
15.921216457952125	-0.21611332921346194	1.1229206943712624	0.3884103043104554
2.8806131530609775	-0.4342084418262777	-2.5288449056801117	-2.3383614304118634
6.464011060673567	-0.3767260491901338	1.222418526500376	-5.470653370891282
14.884048506001747	-1.864352464649929	2.4380095070373518	0.11947829427915971
9.155839349944015	-0.01773838257893465	-1.5690485962091978	-3.6139809028113485
12.712011308047323	-2.170203424499551	-0.9713186214687068	2.0741969207208886
12.90606480195352	-0.5745198534574679	-0.5276349939069602	4.139866577344313
8.939990128842103	-0.19322774093289494	-1.5233555858389431	3.225111971725384
17.320816393215754	-0.4133661536389305	2.3167374298581036	-1.2168846646148548
4.947159903923632	-0.8114911648280825	2.306195294576648	5.644553357452167
18.217089131723547	-0.11861610741021934	1.8989113577422794	-0.816873377150301
10.08518733323494	-0.514970512828033	-1.2795753814818516	-0.8459005469355738
15.522155594264856	-0.2755104267710885	0.28946126715752296	-1.2867034650524698
7.3085756498206145	-0.1740959299713737	-1.4498255663489048	-2.639644166171088
14.522289580542427	-0.8865976672341422	-0.7738758050168184	-1.651317388905261
6.812641384407457	-0.05925482515144256	0.7598660905179146	1.416666840471112
6.659304513263095	-0.06465208286524424	0.5336485670040716	-2.3421976355279637
14.273409699754373	-1.1767927578592274	2.90340794801738	2.2111708781500785
14.727663463609819	-0.11327776217233507	-1.640343237452439	-0.5684480858571074
11.979040446887199	-0.0483576620866572	0.7264423791476595	0.7921252603502592
17.662627379659046	-0.5130345097278964	0.7609430034213975	-5.438650690176985
8.868380394819358	-0.042544785507285854	-0.9393271784169914	3.25187054354744
8.250227896708816	-0.43041225492000734	2.218515431945348	-4.345533759784167
-1.0490100944020035	-0.641054470571986	1.0371834765579875	0.06295678969380458
20.939378162357908	-0.5766086297369923	1.106538146042964	0.3545880845597298
10.639253387375739	-0.09345096629540542	-1.6120349948292674	-2.615583667210713
12.25660459644249	-0.3468947744843133	2.6245721287296035	-1.2143712948377952
5.355763441806431	-1.9909115658018175	0.18882013482411253	1.9926110014171075
14.611910583112262	-0.009712897508283974	-1.2538612114474972	2.4422436344152803
7.150091797937322	-0.2894592585164353	1.387202099134023	-2.1718384559028396
13.703424078646089	-0.16907922302410683	-1.459016789980769	-1.3644979140073574
1.1814447110812338	-0.22796315590096142	-1.2056034517416403	1.4475118095461066
8.77731826173659	-0.09399067235871328	-1.057984512175691	1.7326170213066603
12.211022527867128	-0.6305714421559926	2.7471785352546743	-2.7966028793053086
4.290579397335272	-1.0116339243007062	2.860732615162398	-2.4189470788537504
9.03766272967733	-0.09039164362066139	-0.9766077304573457	-1.9358666425243662
13.75331610406801	-0.10889847149445642	-2.515054404718623	3.4879977334324934
23.467523381183558	-0.19884979760385157	2.802191910819327	4.468820492986188
6.479935782153291	-1.3594238605297662	0.2846081767834212	-0.4550939987625685
11.704827677855036	-0.43120289585416105	-2.1850418504302276	-4.715317820524498
3.4420914799762636	-0.9271730698073611	2.6331862269306185	0.7536321995013235
2.8426855526221217	-0.760487746612294	-2.6250106000915325	0.067390031469795
4.989489360461702	-0.5540468859450178	0.2241575153446349	-4.907104871260194
11.068805747402017	-1.8731134688362767	0.8599204651121948	6.713697259960229
9.904885683413951	-0.16891963089965276	2.4777315261691406	1.1436160821349992
6.643002019576136	-0.4600256487926562	2.674647216841244	-3.1238329560629605
5.094010309956016	-0.6443511628507971	-2.0674390972217562	3.8381156581928066
12.125511152839916	-0.9386581129106331	0.2557007046275057	1.9762059734644173
14.670378372042556	-0.3510163839296668	1.0778654199298972	2.7407604409197495
10.23667101345999	-0.5603710333491816	-0.03935715625780967	0.1205452620576031
8.254387221140352	-0.12671298729395267	1.4861928515653435	4.347704727611264
14.97090619523108	-0.6470270071686848	1.2255946666134996	-0.7413685186702297
8.558074320186801	-0.007765112382403889	1.8296834842613867	3.9200293235553723
10.327807979098008	-0.19056108357954507	-1.1833234450360441	-1.813960426505197
5.892195289704208	-0.18769073339902959	-1.0014454083430213	-3.4596465556392095
7.660631585291526	-0.2534883285011692	0.08697192026404466	-0.817483005862671
7.4446924740931895	-0.006127886652364514	0.7638224107027272	-0.7956307805778152
10.991577878158836	-0.08450062699574164	-1.2283239473564518	7.516143218407466
6.037936490979932	-0.04948231937990783	0.16837459120153309	-4.318144674950234
4.0595121405013215	-1.1931397789629974	2.9139371943502788	-0.28139859577307136
16.953044907437516	-0.3281573322385808	2.077134420575499	-1.4953986949543638
10.156834183463282	-0.3018100854902173	-2.430224156352557	-4.393338798053653
8.211897472602121	-0.05285206306090962	0.9795497557430091	5.0093641059295475
5.916497710870961	-0.9623068165280981	-1.634424607661373	-0.2649179868200872
6.940336313956541	-0.832634103991065	2.488563900693837	-3.4700997958653605
15.923368533175118	-0.8238494305864552	-1.9896381187044796	1.9157588619986508
15.103319630064442	-0.19930686085962354	-1.138829777561451	3.403010382405162
19.666344745698876	-0.5809938754815063	0.06847537197141129	-3.611853542685906
12.189489029966756	-1.000032092991495	0.25355651285853575	3.609797268187591
5.502413777446849	-1.100098261204681	2.1777468086304275	1.1816598410496766
8.36115621594928	-0.019419194968276397	-0.31609937908498953	0.6551975528820352
11.558626457894134	-1.0781333482387803	-2.060501397304267	-0.012285121887700177
12.454877851036489	-0.9423160096345682	-0.9008543679005339	-1.7696761547340785
3.681820879783243	-0.6542309370949861	0.4151678986927685	3.400623194940644
18.074464766839796	-1.0707286865718484	-1.9169175695919707	6.6455094205994705
13.660931520853701	-0.25772757341399966	-2.200914652251292	-4.411141091506037
13.296033025416353	-0.105381020213514	-2.5526951104784863	-0.3097607582430175
11.085150272504098	-0.24634458766620715	-2.0252444753600267	-0.7695135259328099
14.439815665868704	-0.08569452325925334	-1.592738170893982	1.4657734378234886
9.749753723415347	-0.4215153364306509	1.367266250445864	-1.4595436799833565
10.19705469900072	-0.20158849618998093	-1.5962556780734711	1.5208401205223865
7.805098415244111	-0.46012589629722933	-0.30732033983476015	-0.977002872769634
9.897959354522794	-0.16455550850464268	1.0787523989736423	0.10309155618066394
10.883174329101681	-0.21573920586446044	0.9764537739649377	-1.9604164687345527
7.6080790791969735	-0.031722875063542655	1.71745598590529	-6.615592946611829
9.986557216176648	-0.16599505793925434	1.3681963968638957	3.438623201102666
15.446857996033703	-0.3497004762279372	2.6845656185875733	0.8154711904253289
4.859856826026966	-0.03855800586300217	-1.180812302605674	0.9172154358357076
12.180300030180412	-0.7318261131291678	-0.21552751079288202	1.006999431412341
7.7617714963948305	-0.18928959307519247	-0.20697613855999553	-0.16053044764656357
4.487852620743482	-0.030772083012253867	1.7985250995151247	5.415556184991635
18.37451791132203	-0.626924064241408	0.12132300013302455	0.10666001602100561
-5.256943034722909	-0.1514329432439013	2.3092242126295552	1.508807850166647
10.521293159901806	-0.2405658830997504	-0.2926162588044998	-0.6693544797759745
5.411677086549705	-0.2874594916947836	-1.289011699498845	3.255645453918589
14.115415021942258	-0.4009262274977719	1.1363507516691822	2.4816689462493553
5.545116180367097	-0.6277719956050923	-2.6699161648903127	-0.6756493788677801
10.976457024218803	-0.020793053734516193	-0.060173652414230006	4.315635764568396
11.560808372173142	-0.04544516336151809	-0.18692984943923552	-2.678522010868064
15.203400676394613	-0.4270476411010072	2.9177893490347184	-2.0517754706051
11.939676421379088	-0.6640071487426334	-2.2331643947862236	0.34361146035633383
14.745249272056707	-0.11787285781194204	-1.9073210157173648	3.982536214629633
10.803019756636857	-1.101199236815074	2.4285694808013982	-5.073430654840493
5.400344348730925	-0.36018498641346136	-1.0048877578670525	-3.341375664827014
12.371602876138699	-0.08826308880440117	0.8725030352436551	4.648034594783992
13.333745904023568	-0.08608091904474398	-0.23505852609959677	-2.3869259157703757
7.3194113433069905	-0.2604971905616935	-1.6322082565140112	-7.297420970619902
2.8489487152569906	-0.013207603345498559	-2.4416822361636354	3.0694290483960813
3.291199645112309	-0.3964319571123616	-2.49111077411961	-1.213065687281473
0.5086821083747157	-0.00686337198473769	-0.6000970761069784	-0.7448477601012025
12.558381423493028	-0.4816943027951273	1.067347019851292	1.6741400376222517
0.8602146882626283	-0.024105657774349296	-0.7507585816931925	0.8400886008722723
17.028190787471566	-0.311260136346597	0.19706398777045253	-1.0405914881589664
16.773950390984687	-0.04402352767612972	1.3828734977751127	-8.415199264757025
3.1080589747815157	-0.8406440034897703	1.4438767058464004	0.9890204097183903
8.671651186333138	-0.2837825708761076	2.6789955741076854	5.98332543883496
6.9157030811094025	-0.6864177453503824	-2.388169952763355	-3.7534515485597195
9.871788313089217	-0.2790367621842492	0.7721537509575858	0.1474732343102046
10.89367237360939	-0.10866010217492256	-0.789974083671162	3.567282801703686
2.9230072207038997	-0.3074020738411623	-1.3307016977397514	6.495069552256194
16.02404294278677	-0.1509970179251916	-0.5126731941459388	0.5976987995254495
-2.925214307820328	-0.2988336856249761	1.0320431466970792	-7.535742131763477
4.941667843086943	-0.9422067792272805	0.47283108307013855	-3.7790192871678627
8.719889477326596	-0.20774409652530357	-0.6153058552781268	-3.3752457271387444
12.577125000616888	-0.07903132717978233	2.2492419265789803	-5.220661076697915
7.107241521182884	-0.10517580004267547	0.8478691908068479	-4.362980236811391
9.35331466189424	-1.5355573220871381	2.9207865202311174	4.054024226158614
14.317717857719188	-0.20012571409252666	1.245193762665692	-0.1914645436185115
13.168508445015277	-0.9141574162445418	-0.865634423003157	1.716095678098413
5.4455262445942045	-0.38392440423584034	1.6116961084545078	-1.0274197280358364
12.587088768199468	-1.597105526881887	2.834460365395694	1.394391975748952
14.438830778315166	-0.36518796002630344	0.29919976966993467	-5.721838402200248
11.070008759612051	-0.17763907531490572	0.40576642496160575	2.586282867920073
4.4357868941372525	-0.24615122555778873	-2.348417889648764	-0.6478500843971253
9.349191390288292	-1.0470986123133657	-2.033109381839207	-4.368626786239301
6.811959755283432	-0.18300265137487762	1.5495979124832147	-4.636693879682228
18.66703052496525	-0.15334605589256362	-2.9533161411976963	0.5668465452708324
5.068132946146232	-0.7666163905935809	-0.6484297975805489	4.04120421591646
12.598919573474927	-0.11434256568510644	-1.035770092619439	-0.5275413979244182
13.252397426544729	-0.03614560766892873	-2.519780042718094	-0.7086299022793483
6.924317994042379	-0.23582711066740247	-1.328919571400296	0.48421949110193524
12.82697922207884	-0.6890171929818306	2.3825763453482827	7.947447351563509
12.932069489571496	-0.6297104174131528	1.229655480586537	2.6795285367692685
5.462538482757244	-0.4197040888714535	-1.8735872577228867	0.17232942240775748
17.964551685005198	-0.9111559859794782	-0.8794838311546651	-2.4643236249406577
18.598374101186355	-0.03259237666176888	2.1380405221842516	-1.0555578599776694
13.08188764897929	-0.4084559072908823	-0.26783446566871394	-0.5230504384301059
15.20096061047681	-0.21102072269519673	-1.9012578348680431	-0.9593316691101712
4.549533322907957	-0.16468537237455294	0.1880960121445856	4.864714019396626
6.850454830681438	-1.144691717596374	-2.7592219398261264	2.4038216260556426
12.34055839627364	-0.14820099603226433	1.910144874854912	-1.5253575681226967
11.302795620331581	-0.582752067307146	1.171976742302757	-0.9311047876186652
11.369961410075216	-0.15976635509394393	-0.31131876600845754	-2.1744290116425287
20.72113654381846	-0.1254858050541171	1.382050193007493	3.0438200005830787
15.329842508219443	-0.07933162340919497	2.366974590718838	0.8566711129463485
3.494577662733147	-1.2428602171523733	-2.1446229566862707	5.130114268717662
6.043839615030853	-0.10275504045971459	2.0492782370727918	1.9461735110220737
9.961495776398475	-1.7744225102863829	-1.0839790668681273	1.8365820238413253
2.8928173191022735	-1.230861586559065	1.5518719937919325	0.9196350740752058
12.794124148041988	-0.6832548561288889	-0.21884876279761967	-1.6359779967759844
9.28665954484207	-0.23934193295750256	1.9890400064853253	4.401690684396299
4.860424737315407	-0.08504979613192813	1.1719011934816717	3.0926657853731916
8.613016927061889	-0.9164237662409931	0.08605572609756607	-2.19903157310195
17.058608893577833	-0.44558885224525774	0.752950965622396	-1.3830687452857366
8.08691221305586	-0.3334267079195883	-0.2064132185328189	-0.29952861235696554
8.533957459563377	-0.11265632662302119	2.0523904689817165	-2.915353476547825
6.171097099075353	-0.3733098227177905	1.8867773247485058	0.21259430880280544
7.944300614751211	-0.7075954576538436	-1.1007623817115997	-4.667066713592993
8.313536243370546	-0.09452373721743214	2.5958003403850345	6.995001710383521
10.58902550849233	-1.692032829267805	1.9611675244542086	2.7893141255288016
4.031478086411888	-0.5486732439706676	-0.4323605965528925	2.144989671756221
12.129585545910565	-1.3567009882668803	-0.3410789944271633	-5.992343071908989
8.737558718219454	-0.6608045212166853	-1.1874158757387987	1.2788259417480208
11.107196675540694	-0.02023202780259419	0.27113939257769326	-0.9656584824109226
12.880492706070603	-0.3391570328475427	1.8324246234075394	-1.5461060294302826
14.80482535526168	-0.18217840770966306	2.986135794129634	-0.26993875659036715
14.432359719593427	-1.7386288278060196	0.1470643352680927	0.0008578380428922771
1.5814448092370093	-1.2941202768517523	-1.1370900668807202	-2.105869363213447
10.430817517555367	-0.3257660082762769	1.860995441807761	-2.4718201257751264
11.33925385144692	-0.07520287424185682	0.9265197432111103	-4.559934666332058
5.8016362250382	-2.16425483458863	0.5014867787613588	0.3301734055735597
4.586577631279482	-0.17241128270458256	-2.196954965180164	1.663477421994177
7.95891758621924	-0.2399739615285931	-2.058209527835495	1.1173908450634862
4.359750326359246	-1.4162912720874636	2.2734908065199715	3.036073040159483
11.274845081836686	-0.45878898623925024	-2.097614351679639	3.235532870418399
8.758901519663098	-0.2973073539119785	-0.4935748955305428	-6.564016153042908
6.790107647241045	-0.5256311414939298	-2.854286121071855	-6.644659088970492
11.258082978828229	-0.3639064878596556	-1.6861225762085135	-3.2697099675258787
10.750140545725921	-0.19408368973958537	0.7480561739655767	4.159320694177832
9.142613401339695	-0.5945390186415961	0.7679091407579932	3.195097551976659
9.01546091030098	-1.089148022909122	-1.7493029135507292	2.756342302982243
11.863128425890771	-0.27629011513682034	2.2872078384866157	-3.3132562786525517
10.460758901794488	-0.30706108091887696	-0.8479176434764977	-3.777579001050728
10.725671763212425	-0.5563846930766413	1.9655558833743818	1.3923611274225305
10.744357200548533	-0.5033882466566222	2.8360898517487243	-3.1909644336385203
9.130777724664854	-0.25001378570900307	0.7474137877466083	-5.156711229793663
13.868410299901225	-0.25822913790851165	-1.9389752945535856	-1.233318035344933
14.94898183431885	-0.2631120029879062	-1.217789912026005	-1.7182483037239908
6.16748296778859	-1.209236054639097	-0.15161536605812476	2.016359219994786
24.50431301325619	-0.2802850094920756	-0.10446935950535696	2.218884447030088
15.981751529339714	-0.055571189138240516	0.6509507712538243	-2.9044532618614562
2.237919665417934	-0.7817276680616799	-0.032706474840396904	-0.3126410841847176
8.785545692778992	-0.24720353358531616	0.7472203585005968	1.7398752563860418
7.560162288081037	-0.003371662443297472	-0.9708645424806148	-0.1774597823647913
6.398703970336424	-0.29179394858199925	-1.0224532403492552	-2.3556762484314224
6.217759368883003	-0.04280961654106385	1.7615908660250312	4.700009956661201
6.814796561762702	-0.5541569118637313	2.886385236084676	-2.7358886056669958
11.404655647405722	-0.7043454402588387	-1.2219950720017498	0.667762412171977
6.256996774678889	-0.07192514354847045	-2.4448520312268567	-0.6039184547585432
11.363797013991679	-0.6221578195253403	0.9556982922156916	0.8425558307815746
16.057122750430686	-0.6545538993788846	0.639475708713845	4.36621139960871
16.200437284146147	-1.0169086773123177	2.768146206003072	-0.7434605357964996
6.0652511317924995	-0.27383095488826453	-2.369916132735596	1.9911419887201784
19.405515816938085	-1.5932975399415719	-1.6403421639704143	-1.1659327455444644
14.711008270038395	-1.8321736656866312	-1.2115707819811234	5.362418314131206
5.966560938895992	-0.33107366510783026	0.2308818793203926	2.402323461625205
10.106294219503436	-0.2816009642464301	-2.0065814379409828	-1.6212332565900063
8.694185895610373	-0.31076127161036143	0.5012729500852466	3.978231561535118
12.055497062371186	-0.04934534790406762	-0.5452657128945604	-4.8081844192543866
6.780951353696395	-0.2392831032813761	0.6863112587109104	2.522071494887677
10.242263552807024	-0.5572626201723583	-0.21483666978506566	4.420084486189282
14.49850765263654	-0.3050928171989694	-1.235433067637149	0.0779781745084176
12.801328288243083	-0.1994473310423157	1.958907592944918	0.9004341377971289
14.425675915748915	-1.1295607523649849	-1.0045081037493135	1.4363246225460389
10.239588987739094	-0.9603077334482735	-0.3849671595422599	-2.007197740645521
15.18802675486939	-0.8845674163387398	-2.2902911503458294	3.386144062425177
6.039546962434198	-0.09521158860544317	-2.2399360365710637	1.08870780140447
8.78358933780549	-0.7860136248045893	2.035267709787644	-6.83798513701117
8.671940303068842	-0.7487200576369842	-2.4709669972319963	-5.766006037611776
12.220480995783184	-0.8003612575639003	-1.756994919102383	-3.45815640347863
6.533997079603881	-0.2589710048061579	-1.9525354516651257	-2.9445268183257367
1.0673500072842383	-0.15912001290889521	2.139424143642283	-5.434386418145361
9.694716793027347	-0.28697434609863304	-0.09380581932077181	3.3383720737310627
9.997971231324057	-0.17617043338167826	-0.889994001668085	-1.5017685079258674
14.577302182288523	-0.9657642907607616	-1.8821550191915666	-2.3818376999464013
9.603307656686635	-1.0354405197394139	-2.7698099099956788	-4.008502862528097
11.258893070437239	-0.030027183679197923	-1.5237294872719902	4.1467218311996765
8.286192668024489	-0.4552670336521759	1.115274554148149	1.3888805602596495
15.089425632012638	-0.3703251857478309	2.8863630603396535	-3.627734978155497
5.660079516723994	-0.06474795160801353	-2.6006008938362593	-0.018292915448558482
14.385080141429375	-0.6131175099374402	-0.26891897528526965	-2.310121355676492
7.061518537470327	-0.024071735132846703	1.462392224711932	-0.7638702603315604
12.09093294902093	-1.7850864145786034	-1.2057770417651485	-4.082963690977024
9.792094714988872	-0.25852724446154135	-1.55632369990718	0.5035213858984801
6.471400260326998	-1.0479864058465131	1.7535051131646195	-1.491934096219401
11.692836258736909	-1.5205157254712358	-2.5106030931543435	-0.8623638067479585
-1.249254114674569	-0.2805793465502341	-2.658663154051154	0.28061492681154254
1.9855600515064324	-0.3364551990005792	0.8882012565867656	6.135184066214544
6.954883833190658	-0.9306121924174358	1.0085141049920576	1.930672486987841
6.722018828378263	-0.8119844546764949	-0.6438606168723355	-0.0037378607558007254
19.042446714851096	-0.43183356011409874	-1.9848846117070627	-2.0927605606703925
8.822897831968593	-0.22247018463591314	-0.5629724634360849	-4.2214248328034785
8.54534760481845	-0.01950367373919918	-2.5700651407468027	0.07981534389456765
4.650965133885	-0.2504899853064975	-1.9039029072450668	4.620536219624572
14.099215153052711	-0.797634263857453	1.8771977230523271	-2.947323171486887
15.868735870838172	-0.05133236214699656	2.1840662226620964	0.6995873214857296
12.487935706130223	-0.19855266265124835	2.4412184191000508	2.3371115603398978
5.702482836879341	-0.04869075587697039	-2.6391245422831613	4.249711959382242
10.839491635418824	-0.563366043941374	0.694397215413745	-3.2803605209306745
9.581349341957532	-0.3864238916258467	1.8287247817585772	-0.8101802358870143
9.605351975516182	-0.9343829719422677	-2.7699988523730736	3.025125973897249
14.652213337843797	-0.23463511953072477	0.22152709718917274	1.3643952359758882
9.611869946633314	-1.0499547941659517	0.031765374722158235	-1.2525786051815166
13.806348342298653	-0.3523454816639649	-2.747701501842011	-0.6269753539350926
6.12569347457781	-0.6645009465302457	-1.791630494603291	0.7586862537244743
19.5424267499657	-1.1867695243159082	0.5166526212099805	4.283247189200781
5.6611054782132655	-1.3865824743627082	-1.533634245106205	-0.3762300824196778
14.050194871999409	-0.037698860471663806	0.9920268994048582	-2.8072551782390174
11.518793087443777	-0.38726863045400367	0.23515954292568741	2.852087930975579
11.744305622041583	-0.6834138979259738	-0.49845799260617296	5.21514986785163
13.723705117975804	-0.06818412314360262	2.8293079645565973	1.6940340121988247
12.15534794282393	-0.42656940109583	2.9717946249326017	0.6595341890531479
2.6372732010814968	-2.094911325831117	-2.5402402308775835	-9.721866943397757
3.253182257437258	-0.6208360264109943	0.11985532637927543	-2.061171274294491
5.993241742172103	-1.3068260205400546	0.9806192960670952	4.250779306648397
11.019001799303584	-0.058174183872133724	-0.5782052901334458	-2.388175469767747
9.906931337454932	-1.4716151425574222	-0.2286644825259918	1.7662386535189478
7.4392792809818165	-0.0091589889936457	-1.4541546861195698	-3.1692119843588955
12.366370553772049	-0.9247954441837591	1.4248720832142618	-6.281165724520304
6.420420958632757	-0.08715418937026168	2.6681954125199034	-1.0546559545484526
18.228832671606693	-1.2492904090009682	-0.20865068081581217	-2.3309714798775927
12.728349869417581	-0.35524564607450326	-0.4272342183566895	4.624357497379814
15.457548137840021	-0.2275718801753323	-0.1727079846494166	5.428663363596586
5.420408780851044	-0.10920177758258123	0.5096757372928034	0.47493063238770156
7.256505112205373	-0.19445542505665084	-1.8137969690837854	1.6052491317312847
4.510524027341244	-0.04929301296702756	0.7496789843394511	1.118420555726235
16.489317396162964	-0.5150650328996178	2.8986134047049754	1.2691605114757403
13.123948964544763	-0.1098950244485437	2.65947899541964	-2.238778083229436
0.9870828177975639	-0.13163452451042248	-2.2336398265932695	4.9055842147096
12.513030828954687	-0.18813432008019573	1.1822692734677993	-2.9530812155590276
8.046116493861806	-0.5092978825428524	-0.9964923618285866	1.7108578353231625
8.613409355029702	-0.5110271612756284	2.379200802426385	-2.101854170338444
7.615720613198567	-0.00987586620240649	-2.40979301284992	-0.16541025614809002
5.023273592901793	-1.4440907493726638	-1.424758011549729	-0.5046634226613401
7.924074763187467	-0.4000796067701916	-2.405940582750778	0.23894287487706872
13.883823194036129	-0.14502712821240218	-2.629719802846431	-1.507877125094931
4.665387220028344	-0.1249083237842085	-1.8633081417475788	-0.3758915156909937
10.723329280273472	-0.2616388474390973	-2.785396848676134	-1.1872614149835368
9.362098020698314	-0.39254552149963534	-2.978306007582799	0.31046110710125635
5.871377730302519	-1.0257133672961913	0.7648195341959445	2.3466342537886717
3.297928466689629	-0.43854494860513143	1.2395290880963872	0.5145463257394478
12.157481498520578	-0.14681308647636343	-0.013092957927354654	-1.729356217715303
12.799407816448525	-0.2786784270152174	-1.766273241803137	-0.04253685153834297
13.220279748598838	-0.06177293789241915	1.3379955555756213	-0.37044089697865257
11.81912045238077	-0.05564894885241476	-0.4919104434973254	0.2674775539938594
12.927902295274421	-0.07197176017196619	2.983227919255709	2.730637032253316
8.310047807111035	-1.4272061783577936	2.7072893373347684	7.483706794034477
7.545273093929118	-0.191691911043451	0.9350110051409222	4.0989205706817575
9.382961158807426	-0.6009100803550933	-2.0381966426085203	3.182023874655318
5.132782120795032	-0.46312809231470115	0.33353712054528684	-3.961882440104729
7.050760699738675	-0.2498687408432649	-0.06549057304353267	-0.9874621294489877
12.749968458665442	-0.11575770362968091	-2.0517788262119714	-3.5790868379935734
9.745116295744667	-0.3597653651106463	-2.8854404796835187	-0.4969593711478218
13.797303360576741	-0.18150668809540996	-0.5049258320397962	0.33963945969638265
10.297436658585557	-0.6323852615760819	2.4636210980022852	-0.5726581477782648
15.005716669285976	-0.03264333762573225	-2.9380598804049733	1.217225991856317
17.348176719552242	-0.3811254689553888	-2.772065500593445	2.9766577378834445
7.628261008194675	-0.451678949793439	-1.311555445383067	-2.4122301192060926
11.118222775902494	-1.428592383183833	-1.0925264496528342	2.5949345003808504
13.775624433206524	-0.014882024531802663	0.700582750243846	1.7854702150554385
6.554069201323818	-0.14724043842700713	0.9905910212810665	-1.1895743925620406
18.550313313777004	-0.32632733609580455	-0.7234525618534633	-1.489830568701002
18.063670206971587	-0.49118552929392284	1.5267860560637985	-6.5725678414515585
16.286948271482608	-0.19134071475296838	-1.6384699750126237	2.938099591962442
9.212947413996016	-0.09851412600257019	-2.8333945084920433	-1.355549143737236
12.333721923671783	-0.5169879851162389	1.5673552215087074	1.3162382982823746
2.4007208879958526	-0.02053733718481011	0.1716764315323811	3.1860505873996994
9.69142457406122	-0.4664218062411711	0.23866436798497492	5.631052323513484
15.517787477228202	-0.48161149025335614	0.0038489099370693225	1.8041515303814228
8.701419220353255	-0.09844222135725465	-1.777174155489316	-0.41324057285894317
11.6225903083603	-0.1948405110310237	0.6380069148669394	-0.9342384882360464
18.630202779169483	-0.9730402696889003	0.6550509372791051	2.6074069798369077
9.2587738696951	-0.41073526933795557	2.810553574827189	2.1395716624158547
16.58292393450924	-0.24790123131885505	-0.02951524186394927	3.541212815128204
1.648510475443544	-0.012799575201064886	0.4676334771160624	-1.4030582464770947
10.789975579343874	-0.7952189730326934	1.5239598448906406	3.089121405357259
9.128531901021203	-0.2885454947561925	1.1263730728580494	-0.09702463081335103
12.558707763838566	-0.17744641779811154	0.9302801731138235	-2.661784690981019
7.062675595432864	-0.7581090600814406	-2.5512830196952465	-1.3039521987632565
18.68710047697018	-0.36705458940842633	0.10985063350405344	2.015176256300072
4.925107584880858	-0.14091120992241404	-0.831284162792485	-1.0366789063537711
8.519375709125345	-0.3199219139871578	-0.4949838044088506	-1.359198184118171
13.710844415007571	-0.29959501439079383	-1.3910951618501153	-1.1302075955407682
14.040360033415766	-0.2992206402226922	-0.29864373786597076	-0.8639711282890657
10.495308031281354	-1.4434509922610763	-2.9484431493243712	0.7206780046896575
0.9345625978150061	-0.16220808013345422	2.827501505568131	3.319833531185653
12.198329136468242	-0.7195910974043362	-2.786388657716142	-1.2536493321040147
13.77386978872006	-0.08520476121176022	2.306529776165469	0.2506389394412643
12.425044009760397	-0.6785375870233448	-0.9742691833148229	1.3144469510991637
10.767025362796806	-1.5195187281426374	-0.9882892960628071	4.779656100552453
11.128924091686354	-0.2626116194577027	-0.5046459665713217	-5.886221596039251
5.568965457036244	-0.28876288630233204	2.095215304480063	-1.9677669399300837
13.00299212059305	-0.37438794582914386	-2.2094989342742473	1.2940344302378086
9.831711764810635	-2.635172594645643	1.3671991125387661	5.422833725287986
1.084686378494446	-0.48055962790374634	2.912656402091545	3.3273512412087687
2.900749098740781	-0.39978139747232816	2.690569634745952	-2.3239337432625597
6.047476984773066	-0.3824087466786017	2.1196482216554386	-4.896671468900415
3.80060272344532	-0.8203919521211309	-0.19725607087888886	-0.8806462556543434
11.752487179554757	-0.8479275851745814	0.06000575659392693	1.6969608452900675
12.562198629845147	-0.333835121071708	0.37841279222348323	-3.991262012770203
7.546394064467526	-0.18021631096681148	2.0055217774072815	-0.06734809394431959
13.381143590176029	-0.011075696928506249	-0.8904236115947217	1.115033095029127
10.3717874563822	-1.2014872518333533	-2.107680460853738	1.1041448314464724
9.76545068147174	-1.0766115981686966	1.9795903798147485	1.5863669489345584
11.812782092760791	-1.0300122618145708	-1.1099917632961174	5.734318369160966
11.335566385234305	-0.6180546886565593	0.9977922768784664	-0.3886046018774112
14.097613178395267	-1.05203204185623	1.888075018329392	2.68691040810322
9.591314581148813	-0.29595969975277	-2.9431869764427505	-0.7043623366909438
15.20962972370667	-1.0235780839660626	-1.7219510311290007	-2.5255882834108667
3.389511587825627	-1.3683316827082852	-0.11023296111771375	1.7518458415344456
-4.270103310058065	-0.19633542331315762	-2.0966273676494103	-0.655000687189941
9.6789288842616	-0.17992631272026588	-0.21625281253531314	-1.7271447880072306
18.63690291005827	-0.06811874254577416	2.560147402804647	-8.90431206509324
12.010376598890407	-0.0619497352598315	2.898118875474279	1.8234063217137737
5.656033548563108	-0.6007852429087425	-2.4941473353727233	-0.16330522346715828
14.864059650239346	-0.2533353514746839	-0.34668171784002055	1.9735169650533928
12.815793621210393	-0.1968136148981776	-1.5651131231173763	-0.46312247606481516
10.51618769734988	-0.21782850620635966	2.6571712486175043	7.07641647647405
7.661160303076157	-0.049897265641498205	-2.9527414161609546	-4.123482560516575
7.318819538342851	-0.25988392483678957	2.14715957057442	-6.6246222298450625
4.430093758039662	-0.17904654525392688	-1.1615585807332556	4.767662465676146
10.047617208248106	-0.7179853056809866	2.2732099093048017	5.40114608029825
6.633394945051301	-1.1116263421870276	1.424062087964022	-3.289779187869845
6.447883049974983	-0.6298432603475768	1.390671322187469	1.722348972448906
13.892614822326806	-0.02224197455915868	-1.953947215635536	4.502763074117557
12.002176545223342	-1.7022997392983907	-0.07065362054512381	-1.887006157995816
11.65585178832741	-0.31070253755386273	1.0567363076875163	-2.7620455396021852
7.970449591983608	-0.07133381796226719	-0.3748272844756553	-1.1019409065184425
15.59159083728622	-1.245620653887842	2.0500380452501386	-2.383276030093924
4.07797778229697	-0.4736171319169557	1.3173859675473745	-1.4137495974657524
10.794275161884146	-0.2212785528645418	1.9527854393985677	1.1449508350935256
11.26685246844033	-0.8233742199362178	-1.676114387460078	2.450377057394335
17.062980498212	-0.14470884405889103	0.877989072042936	0.7968705396334104
8.591321503018854	-0.21174316921190822	-2.1486500643143	0.12309090974158327
9.896290334969946	-0.4606841769872956	-2.7745115010024604	-0.8256629886503628
7.486056491219195	-0.8289046987574311	-0.31615985716088435	1.99742055395397
17.748233568250267	-0.27715075182926086	-0.18548214877522273	-3.0872228608326298
18.585644787214576	-0.1812186870633047	-1.5108590769348929	-0.3392134540840254
8.577534067482265	-1.735716607174489	0.7646841136797637	0.9806851481983792
5.653145205609552	-0.46336447294395816	0.024876172982360334	-4.164512012000294
13.598374526048548	-0.06422756117107653	1.2934522944444176	4.713719653037019
10.682101485920388	-0.4419250016299769	2.778486775678073	1.968913145658021
19.304028637637998	-0.9936333548285998	-0.1826316082897308	2.4055193870513496
6.252076433844396	-0.09977588597340496	0.3408509920029257	2.007743595735655
13.353073308272371	-0.26245622978672295	2.186333990236095	2.7290430422197893
14.489683134874946	-0.740807365311554	2.636416567405604	-2.074724095693743
19.17375485079526	-1.4105764950747701	-0.06925857157307824	-0.06055851254389554
6.616223247509518	-0.5970963710151099	-0.47352540344540506	-0.03659615314173362
13.828552576290708	-0.8059306863086814	-2.6949660689610098	-5.410789819094087
7.894728145200973	-0.30108302845534274	-0.9809826667750521	-1.7146508841735448
9.146301133708935	-0.9292231767903637	-1.4206178596103813	2.6725271915996314
0.11356174348838266	-0.8686082494914162	-2.067757623413087	1.1895154722672439
21.08022739610351	-0.27869602606165417	0.8565900123414321	-1.2716875857116234
7.086276837763058	-0.7968930553444571	0.4171149564862837	1.635245387544825
16.35020477797738	-0.40637282229264954	2.799207783811762	6.18974266655897
3.172263318391556	-0.6249235825516734	-0.1652976080589852	-1.9674789538485602
2.1256573149528846	-1.432569391255738	-1.0844960077206773	1.510314428645469
-4.506935971101566	-0.05774784004446978	2.1677334433197064	-5.2841536996840555
12.572155415759493	-0.01160107601425553	-2.333940389704279	-1.574653049477083
20.732534611029422	-0.32245905108875045	-1.142840513423524	2.3629284513514777
12.879153876228198	-1.3811160178872386	-0.99226410835466	0.2046658870450953
8.86442383046001	-0.4742225142244335	0.7028381434431816	-1.2627964164586447
5.547224811406659	-0.13649322345322962	-0.7539818903914521	2.0121874039854637
15.606946577137503	-0.9229123609485929	-2.0517418048436453	-4.337844582415585
12.15047395369091	-0.9667265636869827	-1.0994803873134826	-4.831814641603932
9.908883843364253	-0.13389130768297583	-0.4883200171535531	0.038349178709228576
5.125718540085023	-0.3338370246800042	0.5668924542163971	1.4882529339135269
8.927334619951404	-0.11161372480298284	1.720817141108225	1.7864544694932158
4.31112940707668	-0.4311376342663483	-0.8481564070136001	2.443119325890275
10.240304368102324	-0.060255975979782724	-2.8826410195629353	-1.489546103523912
5.414569522250037	-2.8296465723911517	-1.2578191806323338	-2.5479257541486877
5.225538702625113	-0.6311975459407843	2.68149312290174	-1.9830627061039379
10.674625771272261	-0.4157326491970541	-1.926168880370645	0.09595579825211664
16.880577173435093	-0.03008214481330916	-1.6535600642961898	3.8562108892537976
11.781319887807923	-0.15176276305191974	-2.9617590444386326	-2.4259063573586763
-1.0930964066064686	-0.00833596648801975	-2.4652791300314574	-1.8411818973783456
9.91823787096191	-0.08502559589055686	-1.6211856405926202	-6.374846615043384
8.060489689274945	-0.29362594569784145	-0.1893541158276113	-5.851117380353619
9.4899202178909	-0.4172994549607058	0.45948335766820847	0.19147484390841873
7.682847967539185	-0.1810386700326765	-2.1273071580635223	2.102853170124827
23.33999494293475	-0.33745642933489317	-2.4841176955467645	5.201383124627289
8.754060785944528	-0.561063357639139	-2.746786265462309	-3.796416798501972
3.536130838324482	-0.151318908319372	-2.0605775072023826	4.376335548080676
12.35210066995346	-1.2480317840635926	1.2879960888827497	2.5521394348176702
10.077383556940871	-0.24828853413793578	0.08433071191203823	3.5462049478485573
10.342134315013316	-0.08947233531987984	2.8216628399078063	-0.47265733776652674
7.183951851333177	-0.04819903520247235	-0.06798167783652209	-0.044011840897353896
14.238135451011853	-0.5606121086059105	0.15984991054680187	1.8920643775492856
5.770004212390576	-0.8864108363203035	1.3986809089034598	1.8876982702818579
9.637757609197608	-0.8700203056058471	-0.6076100257801431	-0.4596308137788064
2.6085982883630754	-0.18764869015913022	0.12433681783780592	2.5438135155613235
11.075339583543318	-0.20221024509218485	-2.030776800112132	-0.12052840392451152
10.087446910788719	-0.16558351874182073	2.9260859697496118	-3.056790992200649
11.42954286476232	-0.006215071229383603	2.841871980750809	0.9748946848116027
13.453876127711046	-0.2340052158215611	-0.439562610161615	-4.752897786497717
12.848977975748706	-0.01744346858928781	-0.6750586799365763	0.7107030778107171
0.36890858710803265	-0.4732145754821098	2.4475679943981845	1.5253495661120686
10.081730699122273	-0.23191282289864565	1.4620572399058185	0.922651469034552
-0.7262885907141445	-0.11527411308993066	-1.5453580479157145	-4.626929947519306
13.639077653923817	-0.7107337948002944	-1.0563788776372833	-0.14208630378720033
4.086672548501009	-0.035450974881376274	-1.8251889274642106	-0.15900872299904822
15.285171143982055	-0.22215593665967356	-2.8589589859028903	0.9763570161732675
13.703469200030037	-0.6756307194747122	-2.0386913754843654	-4.252491666858206
17.768668511128148	-0.15619087687826266	-1.1971591046909122	0.6835913491336028
14.692687309764946	-0.04451176648111497	1.1848095882840166	2.4897279486622206
5.597382329585353	-0.6555677696441901	-2.926671815173071	-9.18037062500531
8.198891452610235	-0.5175952914225412	1.3659347212041384	2.5992849637478543
8.749137832987007	-0.41231844144889956	2.255559455669145	-0.5760707642504928
27.507910377693904	-0.8793256938332151	0.9786013006530405	5.4170792357080355
14.832401194006234	-0.31639236201531373	-1.654382662472071	-3.8068570194415097
9.834319289810065	-0.04301614993695739	2.0837000533253995	-4.3357476951247165
12.164316882206371	-0.09191306352152344	-0.14870457121296976	-5.160609659859452
9.253970909907617	-0.7629572695642312	-2.7064415655150555	-5.811297722954706
12.895945400770145	-0.019418917186282646	1.3268143501348337	3.3186776706435372
3.3508853755537507	-0.24570507651540435	2.855334824618052	-1.1288862355792262
7.475024777007116	-0.5274112139811267	1.248174580540061	-2.3845418869757733
14.486720164167398	-1.0468343471458454	-0.1786623450273077	-1.5180325237244126
12.054455195732366	-2.231340996352626	-0.8644023169922725	-5.164291277321541
3.518996563911921	-0.11146564908084926	-1.4658288759565303	-0.968956477069592
4.68095747073003	-0.76701074266664	-1.637845538296142	0.8779817849516154
8.478196174312867	-0.8994522249812207	-2.354954369505688	0.7533750210423523
4.699723341906404	-0.2001896849109042	-2.559816432635855	-2.8760162705215997
8.611876934937232	-0.509385841465394	2.4262586685104743	-2.644972191098849
8.866707340218998	-1.038215967626035	-0.9778065708617927	-1.0850183402720073
-10.012127803203267	-0.11186860783230135	-1.1684684266164855	2.0263028716078337
8.925713276706803	-0.6869608023701058	-0.8723253569397036	4.035900754587559
10.088297440427382	-0.10200131931981724	-1.0938730721701155	-0.5739065364854701
5.446797952302513	-0.1459526417869379	0.1937547532592676	1.1133410779760589
10.962833454754636	-0.10672796587913057	0.5364411305571428	2.4981998298076538
-2.25426288918551	-0.3379386104229134	-1.96357313725393	0.6521785839613414
15.433785924258569	-0.3340229578214207	-2.3487914008249042	-3.7413518369600256
8.721759518896432	-0.11851088058719556	2.56885855129649	4.031729706004162
13.069055021178388	-0.22138504980427684	1.8634481025106258	-0.5774979015016305
17.069065992980537	-0.0033990018973713457	-0.49214937402067616	-0.9337592797426507
11.405393800263427	-0.7207296606356608	-2.40570863972766	2.8892756279915144
15.688236310878544	-0.11655405447541459	-1.8162708322654342	-0.7277926579993101
11.090712383487892	-0.37356667325929344	0.029838072748447075	-2.83521870419821
12.44657138818096	-0.8815112833870824	-0.691927330403245	3.0783293939960163
16.775132440477023	-0.08563035980740208	-2.5506627398729984	4.155424980007368
16.377499906659104	-0.19432210954449175	-2.1321806151278633	-1.7134925989465395
7.103506983789591	-0.31027538697421253	-0.43035061446522693	0.6996024716003721
15.892382149143913	-0.11907676881123858	1.2256686664913197	1.8071908549647362
17.907039317768067	-1.244597467263024	-1.4231742318435678	2.8139198369058027
10.906253989537145	-0.2979900003869347	1.6097586861206281	-4.831252522048112
9.966175028027008	-2.0508551708198417	0.6355253432147654	0.1134910727604388
15.474081376532864	-0.18101051871920787	2.910103851170245	1.2890253311762474
7.569712847286425	-0.2102688331189525	1.5263245684527238	4.376648415901563
9.386108821540514	-0.7650601300838127	2.390710091015256	-0.8899083061398383
9.40268676004317	-0.01303796640207723	0.8747470280380103	1.641431852272751
4.178682518771369	-0.20986160307209892	-0.3809181176092449	-0.7289618424255369
3.535140943123146	-0.5646266468456492	2.4868754733481433	1.3090916176697451
13.002878061952615	-0.005807234071718382	2.4850625879133235	-3.0779582005278057
12.950604955471995	-0.7728326572961957	0.9582731250970804	-4.70108493685783
4.7504256028077165	-0.3302397492339462	1.2876783514830308	-0.6257785118661603
10.783533698581458	-0.9313863829438342	-2.233860522911431	3.9547762114460787
9.42304118213301	-0.6208188395222266	-0.7973851736178381	0.7703922281817972
0.698953424872494	-0.25139219815135183	-1.2647397389974286	1.8440709455435869
3.717472941609347	-0.2594261622739755	-2.725764101246594	-0.18513953272465716
17.395320022563965	-0.34381907514051036	2.753398021471961	1.8605020941924133
2.4810825315066953	-0.6547617622431784	0.9932624507920802	-9.27768575671351
-1.8726484269595147	-0.33835059770496057	0.23311460431075925	-5.010417001480149
7.163332637909393	-0.31831250083305807	1.9399202607442803	-3.303852773495951
13.362954223939461	-0.03862089570708385	1.7522667209334388	-3.377042902520929
4.077630188300314	-2.2976213901096236	1.4345220162869436	-3.1281292854045164
12.808327045960661	-0.6032759390800135	-2.0751830830932967	1.3322152680070678
11.131384413381133	-0.07386069942635608	-2.4879381690465747	1.684884065046357
11.35852861174187	-0.020166596614328243	-2.194832329612975	1.1968857119303777
3.4353962780998524	-0.07870941800645108	-2.5472761803135833	1.2448470001339667
12.850177408966776	-0.6015424692519803	1.4795094297648061	-3.2351501504299196
1.223202658976689	-0.19317310867985985	-0.7204917142039906	-1.042249327688015
14.92859169259668	-1.1910081936325743	0.4189796995728887	3.2521528021556714
9.508187880636072	-0.3453345364416302	2.514220904110825	-0.9915121302065817
14.00589242337475	-0.5513518139105896	-2.2546385275305547	0.8240407197104964
10.243175456041678	-0.23778679785569837	2.7863034933730493	1.8664244910838543
11.388321841910802	-0.34122244778496313	-2.1454170676596624	2.5293453000603847
4.288231022742497	-0.6271573459656545	-0.8886141435832275	4.880352421797119
6.163709731344019	-0.7446223660699888	-1.6165095869760109	-3.4501140521836096
13.699415826485213	-1.3399954502015425	-2.988698778589973	0.06314110587508667
9.420992282824026	-2.67287097667262	0.6560582614788917	-4.236169421000513
4.512934918451471	-0.6031019454039787	-0.2988644554430553	1.156651417334588
4.382854537866729	-0.43542447797353523	-2.7868289000856694	-0.17851902162202662
19.81584968132601	-0.14648961491187773	-0.1227177632133154	2.327956043201287
10.647503324845573	-0.18269011961314605	-1.8819367211234233	4.832446866284053
5.289728375120872	-0.8983646425936516	-1.7752226954832144	2.3647462507276966
15.667058149742385	-0.5087033431806255	1.784654575868089	-2.4400862292522785
8.597567634773519	-2.870460057702718	-1.3556043767512393	0.6113236547718969
12.626380533460438	-0.18053480354572835	2.986546898712416	-0.9683532178958392
8.426736022507814	-1.059917809696899	1.995436055399292	4.146796782529838
1.5283415866606482	-0.22964170884299298	-1.923319619051674	5.784019207745761
15.617208561110253	-1.603034150463745	2.3984788064819114	6.827587573451116
9.967404390429735	-0.8095534453422035	-1.951907226604627	4.204013174086314
6.003096573737308	-1.0306297877029098	1.6238839985526443	1.3575011014026963
3.742760268902119	-0.04411815670595985	-2.932651475690678	5.163968324322554
0.7723775137050417	-0.1558903873949379	1.3730622167102133	-1.9414919462514804
10.266779333077304	-0.24728679324957067	-1.0768203860716608	-7.243288144653436
0.5023691292952641	-0.6083273114718306	-2.794749925013196	0.20703055794214897
10.770321911782894	-0.8093506591387619	-2.6298104069550625	1.4777412552603741
7.67352382451674	-0.5025648289930754	-1.048629964176537	4.401879498065204
14.154224450300259	-0.4560982775724979	-1.9949087009907867	-0.4878041427003985
21.422666626424284	-0.7710057033307227	-0.6583841186776849	3.1272807845655075
14.14218253403461	-0.5966682493448978	-1.7372987967557203	-0.9722455469852602
11.46967852535361	-0.8094141481458498	-2.869333886163025	-2.789038832383148
12.171874264155637	-0.03542277255930033	-1.7161760638610026	-2.7195754444433855
12.217491011359199	-0.188091549556038	-2.858957603609468	0.20952647028784566
8.79480381719784	-1.2075119889097539	1.1100380356311659	-0.4462408775219848
-0.9357301152235582	-0.5498943399457548	-0.08475815941081777	-1.3920414300111963
8.14487627462948	-0.1656637325340047	-2.017008959619107	2.4622040528720577
3.977243959277036	-0.002081625458560618	-1.7217798692472022	-6.638648359138692
15.49945628567015	-0.9132995981837916	-0.956659874054643	0.647245206446785
9.290992095229342	-1.7149263143348314	-1.5384791308004147	-1.5339058114429585
0.8513554017663321	-0.5736736706231006	-2.2789341855612957	2.9635863412515078
8.455376672567834	-0.5727151930482786	-2.9020063142477595	3.2049020747333508
14.018240477583035	-0.28103150106930785	-0.11406748094652741	-5.504164149110231
8.128064093541774	-0.37395231970955817	-0.328486412209132	1.2503924741073393
8.180689747429945	-0.121971374742847	1.689155883811142	-1.3770011322421059
1.7211738879621254	-0.08081510868812204	-1.8407925576050301	-0.49381164836463054
12.355670199005328	-0.03612808405722657	0.2030220031727108	-0.6535172051193596
12.643263911832475	-0.045541748602698315	1.0823037197606258	-1.4914273078458242
7.859855978838743	-0.023438879443543868	2.5198295745343255	-4.436925406206834
2.555487732536913	-0.3466394449060081	1.0460614756764146	-1.8555443884448166
12.065050522365905	-0.7299191795426996	-2.045699330819532	0.6435838520560774
14.469687968968518	-0.029138936266966745	0.2902501289357531	-2.257033640901712
10.507994697464683	-0.31826820313041576	-1.6818794064238136	-1.5553553991573734
14.56161404319154	-0.05252184088408796	0.24718823928491362	2.9534013728147395
6.5453198579293925	-0.6323710643292685	-0.7536529124811047	-1.7276274186975198
9.633844950820436	-0.8471230416162709	1.4804232360873772	-7.268152874087407
4.103763626635023	-0.012409725560020174	-0.4516213781683698	-0.4291267860578107
11.081814442981994	-0.6314812263325127	-0.17856433069035038	-4.149037987787652
11.345254069230762	-0.95645898021057	-1.0194494888738999	-2.314163447981259
8.578668536723253	-0.25988959730399885	-0.6151422718496682	-2.309236383789423
13.10248127871426	-0.4519874137542652	0.5911066497243014	-2.5232889842363813
6.703140336982413	-0.4047614948237762	-2.7649915941601138	5.884619613985228
6.172042186573088	-0.3228518489333752	0.44532001387120346	1.6247945865802391
7.203732714656251	-0.42184567234450443	1.6997888214732253	2.638919622238367
-0.9626376004404396	-0.07517468772817759	-1.985740030777947	3.779973183593452
11.635250918486593	-0.05767405892761436	-0.9051389988328795	-0.6520869975787028
17.399490485111176	-0.8927642259925971	-0.29724649234842104	-1.6254295743302223
13.952286648111558	-1.1636535858062342	1.5043302715674383	6.997959927243052
14.90331701895426	-0.06248669786967984	-1.9059796619670855	5.297921819465673
17.411315479213936	-0.5205642103384585	1.3387407763298729	4.30003094805874
15.52854441940675	-0.8123052182226123	-0.5907196390280793	-0.29415053643335476
8.3081009911643	-0.8188965002409611	-2.610328279938731	0.010941677498088305
14.416173206378835	-0.2536042069627619	1.7493333657516494	-1.9845124071576148
6.816779192052154	-0.5212310121350514	-2.3394576437893906	-3.2685924200136105
5.603700174415257	-1.1951902528813327	1.317721331206572	-0.7652781289288004
7.859968215247552	-0.001118514379799762	-1.684279384861678	1.377304885532742
12.123027802092281	-0.7660575086467815	-1.9577494964630011	3.315996807244706
13.81768981116136	-0.5303701206226504	-1.8354265097513511	3.2855229844050924
8.80028865819822	-0.42111765598747913	-1.5045773344171856	0.2907115787554256
20.894359604653918	-0.3635120001369718	0.8912096908238305	0.44303883565055846
8.067614303406636	-0.500655631072073	-1.2109234936514368	2.8644740750245594
11.35257764484118	-0.053644766633649525	-2.5038140019386286	-0.7499847606100963
19.884592930892232	-0.8364550344810102	2.252658297569356	-1.7077275631049422
1.3113186424194527	-1.018420967888222	0.25558923688278856	1.8735900633051488
7.210078586476042	-0.8344478164397341	-2.5047394900192645	1.6233332632594792
3.662659895459271	-0.026844224182964886	1.211810979944219	-0.7592230369354156
15.808311437750296	-0.658597477345426	1.5449864808228426	-1.4945122211159796
12.754889082724254	-0.31317531551083755	-1.7367164239172155	-3.3703359134378528
3.850138897239325	-0.4421057340593373	-2.3249404692877116	-1.7228357862881585
8.380214010889734	-0.8448966715255818	0.03765841792864055	0.3856004957472
9.883631558322657	-1.2309610822054742	1.1529962872186834	2.0731295118384603
12.83891715114681	-0.5431147620609122	0.6368856248950729	0.6573093710882373
8.541964723647236	-0.6392833686373992	-0.8000896177296575	1.8744771462964254
5.241135092684605	-1.2852317114377623	-0.4520070127191511	-2.990042234153494
9.789053156503275	-0.3097125172369858	1.9463339681641791	2.1975566661627206
3.8783497909593905	-0.20614334928092198	-0.30758174544782513	4.248660754315929
6.9646332791469	-0.5334859686325717	-1.0777192295481397	-0.4558414066070058
13.133135726641624	-1.0830627645348405	-0.5500463137681422	2.8287189485539637
10.067853517766705	-0.11544739327512123	0.1768319493171857	0.8127340668033609
13.445531591822068	-0.07579109807968189	-2.8938468525557832	-1.3047839368503984
7.294819876718542	-1.7204142327235987	-1.3417395962003313	3.171022808935167
16.69600181909308	-0.018744965024736708	2.5727883324688987	-0.461523461580177
19.1817662481231	-0.04466952033787675	1.5772255031098794	3.9105946763884942
-1.9312923476142068	-0.8093552582447879	0.03046849011836139	0.35984562609219695
15.469700379811636	-0.48595782918227637	1.690917233251156	-3.2659682553388594
9.398282743941708	-0.29798644624138765	-1.3625822051152847	0.7633925082928295
11.605942884062875	-0.21079066138448574	0.6055539006743214	1.883376516422333
12.836233786662586	-0.9098505889684916	2.214655606799605	4.385625167124301
8.39373522101	-0.8264424241393384	1.7297366875068114	0.2732799298566023
14.875492312822939	-0.34305476950923297	-1.0201234104163304	-1.7512515798372372
4.988185121023222	-1.3539127998126639	0.8483369336034237	1.858133996625369
9.379597863980964	-0.3931045988934301	0.19396221886606213	2.0294744049985924
10.016160411518117	-0.7388970294570875	2.535591693769975	2.726896639160578
9.918459512552069	-0.22187150053995172	-0.7627805583658755	1.9724932578052243
13.41762175931323	-0.7240589281627219	-0.795405167620765	3.4534640724896404
11.176234408451347	-2.0109382121874706	0.8345054117466457	2.7275822171341986
8.023021836550999	-0.1953782766154346	-2.4343999110789984	0.8018286865122835
15.876349848025935	-0.22090745343523338	1.1081653798735989	2.869561661791395
20.02824022932925	-0.7638214166636372	-2.354083781340138	-2.1630575392075193
2.5556208019129265	-0.16725090245489482	-1.8017015602434006	-2.4673815348363703
2.997758735954851	-0.9006783668966158	2.281475619527656	0.23678826251326793
18.268151159741535	-0.8162169046797549	2.251413236714484	-5.294607072602526
16.01861570046908	-0.11535224763349293	-1.443515846080001	0.8222753583189886
12.942080695558742	-0.05586728343918208	-2.4723113230242437	0.5781640370847566
13.714140602010328	-0.13479194737641587	1.8409799124656567	3.050734749980845
9.34017853585328	-0.7932010369553855	2.6821690424377875	-2.5532829763924365
15.188445660812949	-0.743050292007878	-1.312090468285497	-4.769127507022428
